#
# machine: TrueBeamSN5947, 15X
# generated from
# algorithm: AcurosXB_16
# beam data: VTB15x
# add on: Open Field - 00
# data: OutputFactorTable
#
%VERSION 03
%DATE 24-07-2024
%BMTY PHO
%TYPE OutputFactorTable
%SourcePhantomDistance 1000
%DetectorDepth 100
# Data
3, 5, 7, 10, 15, 20, 30, 40
3, 0.856, 0.880, 0.891, 0.899, 0.904, 0.908, 0.910, 0.911
5, 0.884, 0.918, 0.935, 0.947, 0.955, 0.960, 0.965, 0.966
7, 0.897, 0.938, 0.958, 0.973, 0.985, 0.991, 0.997, 0.999
10, 0.909, 0.954, 0.979, 1.000, 1.014, 1.022, 1.030, 1.033
15, 0.917, 0.968, 0.996, 1.020, 1.039, 1.051, 1.062, 1.065
20, 0.923, 0.974, 1.004, 1.031, 1.053, 1.066, 1.080, 1.084
30, 0.927, 0.981, 1.013, 1.042, 1.068, 1.084, 1.101, 1.107
40, 0.930, 0.985, 1.017, 1.048, 1.075, 1.092, 1.110, 1.116
